{
 "cells": [
  {
   "cell_type": "code",
   "execution_count": 1,
   "metadata": {},
   "outputs": [],
   "source": [
    "import numpy as np\n",
    "from numba import jit\n",
    "from typing import List, Tuple, Optional, Set, Union\n",
    "from dataclasses import dataclass\n",
    "from collections import deque\n",
    "import matplotlib.pyplot as plt\n",
    "import matplotlib.animation as animation\n",
    "\n",
    "\n",
    "DIM_GRID=6 #4x4\n",
    "COMPLEX_OF_PROBLEM=500 #if increase i mix more the initial state starting from the goal"
   ]
  },
  {
   "cell_type": "code",
   "execution_count": 2,
   "metadata": {},
   "outputs": [],
   "source": [
    "\n",
    "\n",
    "@dataclass(frozen=True)\n",
    "class PuzzleState:\n",
    "    \"\"\"Immutable puzzle state using a flat array representation for efficiency\"\"\"\n",
    "    board: tuple\n",
    "    blank_pos: int\n",
    "    size: int\n",
    "    \n",
    "    @classmethod\n",
    "    def from_2d(cls, board_2d: np.ndarray):\n",
    "        \"\"\"Create a PuzzleState from a 2D numpy array\"\"\"\n",
    "        size = len(board_2d)\n",
    "        flat = tuple(board_2d.flatten())\n",
    "        blank_pos = flat.index(0)\n",
    "        return cls(flat, blank_pos, size)\n",
    "    \n",
    "    def to_2d(self) -> np.ndarray:\n",
    "        \"\"\"Convert to 2D numpy array for display\"\"\"\n",
    "        return np.array(self.board).reshape(self.size, self.size)\n",
    "\n",
    "    def __hash__(self):\n",
    "        return hash(self.board)\n",
    "\n",
    "@jit(nopython=True)\n",
    "def manhattan_distance(state: np.ndarray, goal_positions: np.ndarray, size: int) -> int:\n",
    "    \"\"\"Optimized Manhattan distance calculation with Numba\"\"\"\n",
    "    distance = 0\n",
    "    for pos, val in enumerate(state):\n",
    "        if val != 0:\n",
    "            curr_row, curr_col = pos // size, pos % size\n",
    "            goal_pos = goal_positions[val]\n",
    "            goal_row, goal_col = goal_pos // size, goal_pos % size\n",
    "            distance += abs(curr_row - goal_row) + abs(curr_col - goal_col)\n",
    "    return distance\n",
    "\n",
    "\n",
    "\n",
    "@jit(nopython=True)\n",
    "def detect_linear_conflicts(state: np.ndarray, goal_positions: np.ndarray, size: int) -> int:\n",
    "    \"\"\"Optimized linear conflict detection with Numba\"\"\"\n",
    "    conflicts = 0\n",
    "    \n",
    "    # Check rows\n",
    "    for row in range(size):\n",
    "        for i in range(size):\n",
    "            pos1 = row * size + i\n",
    "            val1 = state[pos1]\n",
    "            if val1 == 0:\n",
    "                continue\n",
    "                \n",
    "            goal_pos1 = goal_positions[val1]\n",
    "            goal_row1, goal_col1 = goal_pos1 // size, goal_pos1 % size\n",
    "            if goal_row1 != row:\n",
    "                continue\n",
    "                \n",
    "            for j in range(i + 1, size):\n",
    "                pos2 = row * size + j\n",
    "                val2 = state[pos2]\n",
    "                if val2 == 0:\n",
    "                    continue\n",
    "                    \n",
    "                goal_pos2 = goal_positions[val2]\n",
    "                goal_row2, goal_col2 = goal_pos2 // size, goal_pos2 % size\n",
    "                if goal_row2 == row and goal_col2 < goal_col1:\n",
    "                    conflicts += 2\n",
    "\n",
    "    # Check columns\n",
    "    for col in range(size):\n",
    "        for i in range(size):\n",
    "            pos1 = i * size + col\n",
    "            val1 = state[pos1]\n",
    "            if val1 == 0:\n",
    "                continue\n",
    "                \n",
    "            goal_pos1 = goal_positions[val1]\n",
    "            goal_row1, goal_col1 = goal_pos1 // size, goal_pos1 % size\n",
    "            if goal_col1 != col:\n",
    "                continue\n",
    "                \n",
    "            for j in range(i + 1, size):\n",
    "                pos2 = j * size + col\n",
    "                val2 = state[pos2]\n",
    "                if val2 == 0:\n",
    "                    continue\n",
    "                    \n",
    "                goal_pos2 = goal_positions[val2]\n",
    "                goal_row2, goal_col2 = goal_pos2 // size, goal_pos2 % size\n",
    "                if goal_col2 == col and goal_row2 < goal_row1:\n",
    "                    conflicts += 2\n",
    "                    \n",
    "    return conflicts\n",
    "\n",
    "def calculate_weights(size: int) -> np.ndarray:\n",
    "    \"\"\"Calculate weights for each tile based on proximity to center\"\"\"\n",
    "    weights = np.ones(size * size, dtype=np.float32)\n",
    "    center_row, center_col = size // 2, size // 2\n",
    "    for i in range(size * size):\n",
    "        if i == 0:\n",
    "            continue\n",
    "        row, col = divmod(i, size)\n",
    "        distance_from_center = abs(row - center_row) + abs(col - center_col)\n",
    "        weights[i] = 1 + 0.1 * distance_from_center  # Aumenta il peso man mano che ci si allontana dal centro\n",
    "    return weights\n",
    "\n",
    "@jit(nopython=True)\n",
    "def weighted_manhattan_distance(state: np.ndarray, goal_positions: np.ndarray, size: int, weights: np.ndarray) -> int:\n",
    "    \"\"\"Weighted Manhattan distance calculation\"\"\"\n",
    "    distance = 0\n",
    "    for pos, val in enumerate(state):\n",
    "        if val != 0:\n",
    "            curr_row, curr_col = pos // size, pos % size\n",
    "            goal_pos = goal_positions[val]\n",
    "            goal_row, goal_col = goal_pos // size, goal_pos % size\n",
    "            manhattan = abs(curr_row - goal_row) + abs(curr_col - goal_col)\n",
    "            distance += manhattan * weights[val]\n",
    "    return distance\n",
    "\n",
    "class NPuzzleSolver:\n",
    "    def __init__(self, size: int, goal_state: np.ndarray):\n",
    "        self.size = size\n",
    "        self.goal_state = PuzzleState.from_2d(goal_state)\n",
    "        self._precompute_goal_positions()\n",
    "        self._precompute_moves()\n",
    "        \n",
    "    def _precompute_goal_positions(self):\n",
    "        \"\"\"Precompute goal positions for faster heuristic calculation\"\"\"\n",
    "        # Create an array where index is the tile value and value is the position\n",
    "        self.goal_positions = np.zeros(self.size * self.size, dtype=np.int32)\n",
    "        for pos, val in enumerate(self.goal_state.board):\n",
    "            if val != 0:\n",
    "                self.goal_positions[val] = pos\n",
    "        \n",
    "    def _precompute_moves(self):\n",
    "        \"\"\"Precompute all possible moves for each blank position\"\"\"\n",
    "        self.possible_moves = {}\n",
    "        for pos in range(self.size * self.size):\n",
    "            row, col = pos // self.size, pos % self.size\n",
    "            moves = []\n",
    "            \n",
    "            if row > 0:\n",
    "                moves.append(pos - self.size)  # up\n",
    "            if row < self.size - 1:\n",
    "                moves.append(pos + self.size)  # down\n",
    "            if col > 0:\n",
    "                moves.append(pos - 1)  # left\n",
    "            if col < self.size - 1:\n",
    "                moves.append(pos + 1)  # right\n",
    "                \n",
    "            self.possible_moves[pos] = moves\n",
    "    \n",
    "    def _generate_moves(self, state: PuzzleState) -> List[PuzzleState]:\n",
    "        \"\"\"Generate possible moves using precomputed positions\"\"\"\n",
    "        moves = []\n",
    "        board_list = list(state.board)\n",
    "        \n",
    "        for new_blank_pos in self.possible_moves[state.blank_pos]:\n",
    "            new_board = board_list.copy()\n",
    "            new_board[state.blank_pos], new_board[new_blank_pos] = \\\n",
    "                new_board[new_blank_pos], new_board[state.blank_pos]\n",
    "            moves.append(PuzzleState(tuple(new_board), new_blank_pos, self.size))\n",
    "            \n",
    "        return moves\n",
    "    \n",
    "    def _calculate_heuristic(self, state: PuzzleState) -> int:\n",
    "        \"\"\"Calculate combined heuristic (Manhattan + Linear Conflicts)\"\"\"\n",
    "        state_array = np.array(state.board, dtype=np.int32)\n",
    "        \n",
    "        if DIM_GRID<=4:\n",
    "            return (manhattan_distance(state_array, self.goal_positions, self.size) + detect_linear_conflicts(state_array, self.goal_positions, self.size))\n",
    "        else:\n",
    "            return (manhattan_distance(state_array, self.goal_positions, self.size)  + detect_linear_conflicts(state_array, self.goal_positions, self.size)+weighted_manhattan_distance(state_array, self.goal_positions, self.size, calculate_weights( self.size)))\n",
    "        \n",
    "        \n",
    "    def solve(self, initial_state: np.ndarray, max_iterations: int = 500_000) -> Optional[List[PuzzleState]]:\n",
    "        \"\"\"Solve using IDA* (Iterative Deepening A*)\"\"\"\n",
    "        initial = PuzzleState.from_2d(initial_state)\n",
    "        threshold = self._calculate_heuristic(initial)\n",
    "        path = deque([initial])\n",
    "        visited = set()\n",
    "        \n",
    "        for _ in range(max_iterations):\n",
    "            distance = self._ida_search(path, 0, threshold, visited)\n",
    "            if distance is True:\n",
    "                return list(path)\n",
    "            if distance == float('inf'):\n",
    "                return None\n",
    "            threshold = distance\n",
    "            visited.clear()\n",
    "            \n",
    "        return None\n",
    "    \n",
    "    def _ida_search(self, path: deque, g: int, threshold: int, visited: Set[int]) -> Union[bool, float]:\n",
    "        \n",
    "        node = path[-1]\n",
    "        f = g + self._calculate_heuristic(node)\n",
    "\n",
    "        if f > threshold:\n",
    "            return f\n",
    "        if node == self.goal_state:\n",
    "            return True\n",
    "\n",
    "        state_hash = hash(node)\n",
    "        if state_hash in visited:\n",
    "            return float('inf')\n",
    "\n",
    "        visited.add(state_hash)\n",
    "        min_cost = float('inf')\n",
    "\n",
    "        for move in self._generate_moves(node):\n",
    "            if hash(move) not in visited:\n",
    "                path.append(move)\n",
    "                t = self._ida_search(path, g + 1, threshold, visited)\n",
    "                if t is True:\n",
    "                    return True\n",
    "                if t < min_cost:\n",
    "                    min_cost = t\n",
    "                path.pop()\n",
    "\n",
    "        visited.remove(state_hash)\n",
    "        return min_cost\n",
    "\n",
    "    \n",
    "def generate_random_initial_state(goal_state: np.ndarray, num_moves: int = 100) -> np.ndarray:\n",
    "    \n",
    "    # Create a mutable copy of the goal state\n",
    "    current_state = goal_state.copy()\n",
    "    size = current_state.shape[0]\n",
    "    \n",
    "    # Find initial blank (zero) position\n",
    "    blank_row, blank_col = np.where(current_state == 0)\n",
    "    blank_row, blank_col = int(blank_row[0]), int(blank_col[0])\n",
    "    \n",
    "    # Possible move directions: up, down, left, right\n",
    "    moves = [\n",
    "        (-1, 0),  # up\n",
    "        (1, 0),   # down\n",
    "        (0, -1),  # left\n",
    "        (0, 1)    # right\n",
    "    ]\n",
    "    \n",
    "    # Random seed for reproducibility\n",
    "    np.random.seed(None)  # Use system time as seed\n",
    "    \n",
    "    # Perform random moves\n",
    "    for _ in range(num_moves):\n",
    "        # Shuffle moves to add randomness\n",
    "        np.random.shuffle(moves)\n",
    "        \n",
    "        # Try moves until a valid one is found\n",
    "        for dr, dc in moves:\n",
    "            new_row = blank_row + dr\n",
    "            new_col = blank_col + dc\n",
    "            \n",
    "            # Check if move is valid\n",
    "            if 0 <= new_row < size and 0 <= new_col < size:\n",
    "                # Swap blank with the tile in the new position\n",
    "                current_state[blank_row, blank_col], current_state[new_row, new_col] = \\\n",
    "                    current_state[new_row, new_col], current_state[blank_row, blank_col]\n",
    "                \n",
    "                # Update blank position\n",
    "                blank_row, blank_col = new_row, new_col\n",
    "                break\n",
    "    \n",
    "    return current_state\n",
    "\n",
    "def generate_goal_state(size: int) -> np.ndarray:\n",
    "    \"\"\"Genera automaticamente il goal state per un puzzle di dimensione size x size.\"\"\"\n",
    "    goal = np.arange(1, size * size)  # Riempie con i numeri da 1 a size*size-1\n",
    "    goal = np.append(goal, 0)  # Aggiunge 0 alla fine\n",
    "    return goal.reshape(size, size)\n",
    "\n"
   ]
  },
  {
   "cell_type": "code",
   "execution_count": 3,
   "metadata": {},
   "outputs": [
    {
     "name": "stdout",
     "output_type": "stream",
     "text": [
      "Initial State:\n",
      "[[ 9  8  3  6 12 18]\n",
      " [20 13  5 27 11 22]\n",
      " [15 28 26  7  4 23]\n",
      " [32  2 21 17 30 14]\n",
      " [ 0  1 33 10 29 24]\n",
      " [25 31 19 34 16 35]]\n",
      "\n",
      "Solution found in 174 moves:\n",
      "\n",
      "Step 0:\n",
      "[[ 9  8  3  6 12 18]\n",
      " [20 13  5 27 11 22]\n",
      " [15 28 26  7  4 23]\n",
      " [32  2 21 17 30 14]\n",
      " [ 0  1 33 10 29 24]\n",
      " [25 31 19 34 16 35]]\n",
      "\n",
      "Step 1:\n",
      "[[ 9  8  3  6 12 18]\n",
      " [20 13  5 27 11 22]\n",
      " [15 28 26  7  4 23]\n",
      " [32  2 21 17 30 14]\n",
      " [25  1 33 10 29 24]\n",
      " [ 0 31 19 34 16 35]]\n",
      "\n",
      "Step 2:\n",
      "[[ 9  8  3  6 12 18]\n",
      " [20 13  5 27 11 22]\n",
      " [15 28 26  7  4 23]\n",
      " [32  2 21 17 30 14]\n",
      " [25  1 33 10 29 24]\n",
      " [31  0 19 34 16 35]]\n",
      "\n",
      "Step 3:\n",
      "[[ 9  8  3  6 12 18]\n",
      " [20 13  5 27 11 22]\n",
      " [15 28 26  7  4 23]\n",
      " [32  2 21 17 30 14]\n",
      " [25  1 33 10 29 24]\n",
      " [31 19  0 34 16 35]]\n",
      "\n",
      "Step 4:\n",
      "[[ 9  8  3  6 12 18]\n",
      " [20 13  5 27 11 22]\n",
      " [15 28 26  7  4 23]\n",
      " [32  2 21 17 30 14]\n",
      " [25  1  0 10 29 24]\n",
      " [31 19 33 34 16 35]]\n",
      "\n",
      "Step 5:\n",
      "[[ 9  8  3  6 12 18]\n",
      " [20 13  5 27 11 22]\n",
      " [15 28 26  7  4 23]\n",
      " [32  2  0 17 30 14]\n",
      " [25  1 21 10 29 24]\n",
      " [31 19 33 34 16 35]]\n",
      "\n",
      "Step 6:\n",
      "[[ 9  8  3  6 12 18]\n",
      " [20 13  5 27 11 22]\n",
      " [15 28  0  7  4 23]\n",
      " [32  2 26 17 30 14]\n",
      " [25  1 21 10 29 24]\n",
      " [31 19 33 34 16 35]]\n",
      "\n",
      "Step 7:\n",
      "[[ 9  8  3  6 12 18]\n",
      " [20 13  5 27 11 22]\n",
      " [15  0 28  7  4 23]\n",
      " [32  2 26 17 30 14]\n",
      " [25  1 21 10 29 24]\n",
      " [31 19 33 34 16 35]]\n",
      "\n",
      "Step 8:\n",
      "[[ 9  8  3  6 12 18]\n",
      " [20  0  5 27 11 22]\n",
      " [15 13 28  7  4 23]\n",
      " [32  2 26 17 30 14]\n",
      " [25  1 21 10 29 24]\n",
      " [31 19 33 34 16 35]]\n",
      "\n",
      "Step 9:\n",
      "[[ 9  0  3  6 12 18]\n",
      " [20  8  5 27 11 22]\n",
      " [15 13 28  7  4 23]\n",
      " [32  2 26 17 30 14]\n",
      " [25  1 21 10 29 24]\n",
      " [31 19 33 34 16 35]]\n",
      "\n",
      "Step 10:\n",
      "[[ 0  9  3  6 12 18]\n",
      " [20  8  5 27 11 22]\n",
      " [15 13 28  7  4 23]\n",
      " [32  2 26 17 30 14]\n",
      " [25  1 21 10 29 24]\n",
      " [31 19 33 34 16 35]]\n",
      "\n",
      "Step 11:\n",
      "[[20  9  3  6 12 18]\n",
      " [ 0  8  5 27 11 22]\n",
      " [15 13 28  7  4 23]\n",
      " [32  2 26 17 30 14]\n",
      " [25  1 21 10 29 24]\n",
      " [31 19 33 34 16 35]]\n",
      "\n",
      "Step 12:\n",
      "[[20  9  3  6 12 18]\n",
      " [15  8  5 27 11 22]\n",
      " [ 0 13 28  7  4 23]\n",
      " [32  2 26 17 30 14]\n",
      " [25  1 21 10 29 24]\n",
      " [31 19 33 34 16 35]]\n",
      "\n",
      "Step 13:\n",
      "[[20  9  3  6 12 18]\n",
      " [15  8  5 27 11 22]\n",
      " [13  0 28  7  4 23]\n",
      " [32  2 26 17 30 14]\n",
      " [25  1 21 10 29 24]\n",
      " [31 19 33 34 16 35]]\n",
      "\n",
      "Step 14:\n",
      "[[20  9  3  6 12 18]\n",
      " [15  8  5 27 11 22]\n",
      " [13  2 28  7  4 23]\n",
      " [32  0 26 17 30 14]\n",
      " [25  1 21 10 29 24]\n",
      " [31 19 33 34 16 35]]\n",
      "\n",
      "Step 15:\n",
      "[[20  9  3  6 12 18]\n",
      " [15  8  5 27 11 22]\n",
      " [13  2 28  7  4 23]\n",
      " [32  1 26 17 30 14]\n",
      " [25  0 21 10 29 24]\n",
      " [31 19 33 34 16 35]]\n",
      "\n",
      "Step 16:\n",
      "[[20  9  3  6 12 18]\n",
      " [15  8  5 27 11 22]\n",
      " [13  2 28  7  4 23]\n",
      " [32  1 26 17 30 14]\n",
      " [25 19 21 10 29 24]\n",
      " [31  0 33 34 16 35]]\n",
      "\n",
      "Step 17:\n",
      "[[20  9  3  6 12 18]\n",
      " [15  8  5 27 11 22]\n",
      " [13  2 28  7  4 23]\n",
      " [32  1 26 17 30 14]\n",
      " [25 19 21 10 29 24]\n",
      " [ 0 31 33 34 16 35]]\n",
      "\n",
      "Step 18:\n",
      "[[20  9  3  6 12 18]\n",
      " [15  8  5 27 11 22]\n",
      " [13  2 28  7  4 23]\n",
      " [32  1 26 17 30 14]\n",
      " [ 0 19 21 10 29 24]\n",
      " [25 31 33 34 16 35]]\n",
      "\n",
      "Step 19:\n",
      "[[20  9  3  6 12 18]\n",
      " [15  8  5 27 11 22]\n",
      " [13  2 28  7  4 23]\n",
      " [ 0  1 26 17 30 14]\n",
      " [32 19 21 10 29 24]\n",
      " [25 31 33 34 16 35]]\n",
      "\n",
      "Step 20:\n",
      "[[20  9  3  6 12 18]\n",
      " [15  8  5 27 11 22]\n",
      " [13  2 28  7  4 23]\n",
      " [ 1  0 26 17 30 14]\n",
      " [32 19 21 10 29 24]\n",
      " [25 31 33 34 16 35]]\n",
      "\n",
      "Step 21:\n",
      "[[20  9  3  6 12 18]\n",
      " [15  8  5 27 11 22]\n",
      " [13  2 28  7  4 23]\n",
      " [ 1 19 26 17 30 14]\n",
      " [32  0 21 10 29 24]\n",
      " [25 31 33 34 16 35]]\n",
      "\n",
      "Step 22:\n",
      "[[20  9  3  6 12 18]\n",
      " [15  8  5 27 11 22]\n",
      " [13  2 28  7  4 23]\n",
      " [ 1 19 26 17 30 14]\n",
      " [ 0 32 21 10 29 24]\n",
      " [25 31 33 34 16 35]]\n",
      "\n",
      "Step 23:\n",
      "[[20  9  3  6 12 18]\n",
      " [15  8  5 27 11 22]\n",
      " [13  2 28  7  4 23]\n",
      " [ 1 19 26 17 30 14]\n",
      " [25 32 21 10 29 24]\n",
      " [ 0 31 33 34 16 35]]\n",
      "\n",
      "Step 24:\n",
      "[[20  9  3  6 12 18]\n",
      " [15  8  5 27 11 22]\n",
      " [13  2 28  7  4 23]\n",
      " [ 1 19 26 17 30 14]\n",
      " [25 32 21 10 29 24]\n",
      " [31  0 33 34 16 35]]\n",
      "\n",
      "Step 25:\n",
      "[[20  9  3  6 12 18]\n",
      " [15  8  5 27 11 22]\n",
      " [13  2 28  7  4 23]\n",
      " [ 1 19 26 17 30 14]\n",
      " [25  0 21 10 29 24]\n",
      " [31 32 33 34 16 35]]\n",
      "\n",
      "Step 26:\n",
      "[[20  9  3  6 12 18]\n",
      " [15  8  5 27 11 22]\n",
      " [13  2 28  7  4 23]\n",
      " [ 1  0 26 17 30 14]\n",
      " [25 19 21 10 29 24]\n",
      " [31 32 33 34 16 35]]\n",
      "\n",
      "Step 27:\n",
      "[[20  9  3  6 12 18]\n",
      " [15  8  5 27 11 22]\n",
      " [13  0 28  7  4 23]\n",
      " [ 1  2 26 17 30 14]\n",
      " [25 19 21 10 29 24]\n",
      " [31 32 33 34 16 35]]\n",
      "\n",
      "Step 28:\n",
      "[[20  9  3  6 12 18]\n",
      " [15  8  5 27 11 22]\n",
      " [ 0 13 28  7  4 23]\n",
      " [ 1  2 26 17 30 14]\n",
      " [25 19 21 10 29 24]\n",
      " [31 32 33 34 16 35]]\n",
      "\n",
      "Step 29:\n",
      "[[20  9  3  6 12 18]\n",
      " [15  8  5 27 11 22]\n",
      " [ 1 13 28  7  4 23]\n",
      " [ 0  2 26 17 30 14]\n",
      " [25 19 21 10 29 24]\n",
      " [31 32 33 34 16 35]]\n",
      "\n",
      "Step 30:\n",
      "[[20  9  3  6 12 18]\n",
      " [15  8  5 27 11 22]\n",
      " [ 1 13 28  7  4 23]\n",
      " [ 2  0 26 17 30 14]\n",
      " [25 19 21 10 29 24]\n",
      " [31 32 33 34 16 35]]\n",
      "\n",
      "Step 31:\n",
      "[[20  9  3  6 12 18]\n",
      " [15  8  5 27 11 22]\n",
      " [ 1 13 28  7  4 23]\n",
      " [ 2 26  0 17 30 14]\n",
      " [25 19 21 10 29 24]\n",
      " [31 32 33 34 16 35]]\n",
      "\n",
      "Step 32:\n",
      "[[20  9  3  6 12 18]\n",
      " [15  8  5 27 11 22]\n",
      " [ 1 13  0  7  4 23]\n",
      " [ 2 26 28 17 30 14]\n",
      " [25 19 21 10 29 24]\n",
      " [31 32 33 34 16 35]]\n",
      "\n",
      "Step 33:\n",
      "[[20  9  3  6 12 18]\n",
      " [15  8  5 27 11 22]\n",
      " [ 1 13  7  0  4 23]\n",
      " [ 2 26 28 17 30 14]\n",
      " [25 19 21 10 29 24]\n",
      " [31 32 33 34 16 35]]\n",
      "\n",
      "Step 34:\n",
      "[[20  9  3  6 12 18]\n",
      " [15  8  5  0 11 22]\n",
      " [ 1 13  7 27  4 23]\n",
      " [ 2 26 28 17 30 14]\n",
      " [25 19 21 10 29 24]\n",
      " [31 32 33 34 16 35]]\n",
      "\n",
      "Step 35:\n",
      "[[20  9  3  6 12 18]\n",
      " [15  8  0  5 11 22]\n",
      " [ 1 13  7 27  4 23]\n",
      " [ 2 26 28 17 30 14]\n",
      " [25 19 21 10 29 24]\n",
      " [31 32 33 34 16 35]]\n",
      "\n",
      "Step 36:\n",
      "[[20  9  3  6 12 18]\n",
      " [15  8  7  5 11 22]\n",
      " [ 1 13  0 27  4 23]\n",
      " [ 2 26 28 17 30 14]\n",
      " [25 19 21 10 29 24]\n",
      " [31 32 33 34 16 35]]\n",
      "\n",
      "Step 37:\n",
      "[[20  9  3  6 12 18]\n",
      " [15  8  7  5 11 22]\n",
      " [ 1  0 13 27  4 23]\n",
      " [ 2 26 28 17 30 14]\n",
      " [25 19 21 10 29 24]\n",
      " [31 32 33 34 16 35]]\n",
      "\n",
      "Step 38:\n",
      "[[20  9  3  6 12 18]\n",
      " [15  0  7  5 11 22]\n",
      " [ 1  8 13 27  4 23]\n",
      " [ 2 26 28 17 30 14]\n",
      " [25 19 21 10 29 24]\n",
      " [31 32 33 34 16 35]]\n",
      "\n",
      "Step 39:\n",
      "[[20  9  3  6 12 18]\n",
      " [ 0 15  7  5 11 22]\n",
      " [ 1  8 13 27  4 23]\n",
      " [ 2 26 28 17 30 14]\n",
      " [25 19 21 10 29 24]\n",
      " [31 32 33 34 16 35]]\n",
      "\n",
      "Step 40:\n",
      "[[20  9  3  6 12 18]\n",
      " [ 1 15  7  5 11 22]\n",
      " [ 0  8 13 27  4 23]\n",
      " [ 2 26 28 17 30 14]\n",
      " [25 19 21 10 29 24]\n",
      " [31 32 33 34 16 35]]\n",
      "\n",
      "Step 41:\n",
      "[[20  9  3  6 12 18]\n",
      " [ 1 15  7  5 11 22]\n",
      " [ 8  0 13 27  4 23]\n",
      " [ 2 26 28 17 30 14]\n",
      " [25 19 21 10 29 24]\n",
      " [31 32 33 34 16 35]]\n",
      "\n",
      "Step 42:\n",
      "[[20  9  3  6 12 18]\n",
      " [ 1 15  7  5 11 22]\n",
      " [ 8 13  0 27  4 23]\n",
      " [ 2 26 28 17 30 14]\n",
      " [25 19 21 10 29 24]\n",
      " [31 32 33 34 16 35]]\n",
      "\n",
      "Step 43:\n",
      "[[20  9  3  6 12 18]\n",
      " [ 1 15  7  5 11 22]\n",
      " [ 8 13 27  0  4 23]\n",
      " [ 2 26 28 17 30 14]\n",
      " [25 19 21 10 29 24]\n",
      " [31 32 33 34 16 35]]\n",
      "\n",
      "Step 44:\n",
      "[[20  9  3  6 12 18]\n",
      " [ 1 15  7  5 11 22]\n",
      " [ 8 13 27 17  4 23]\n",
      " [ 2 26 28  0 30 14]\n",
      " [25 19 21 10 29 24]\n",
      " [31 32 33 34 16 35]]\n",
      "\n",
      "Step 45:\n",
      "[[20  9  3  6 12 18]\n",
      " [ 1 15  7  5 11 22]\n",
      " [ 8 13 27 17  4 23]\n",
      " [ 2 26 28 10 30 14]\n",
      " [25 19 21  0 29 24]\n",
      " [31 32 33 34 16 35]]\n",
      "\n",
      "Step 46:\n",
      "[[20  9  3  6 12 18]\n",
      " [ 1 15  7  5 11 22]\n",
      " [ 8 13 27 17  4 23]\n",
      " [ 2 26 28 10 30 14]\n",
      " [25 19  0 21 29 24]\n",
      " [31 32 33 34 16 35]]\n",
      "\n",
      "Step 47:\n",
      "[[20  9  3  6 12 18]\n",
      " [ 1 15  7  5 11 22]\n",
      " [ 8 13 27 17  4 23]\n",
      " [ 2 26  0 10 30 14]\n",
      " [25 19 28 21 29 24]\n",
      " [31 32 33 34 16 35]]\n",
      "\n",
      "Step 48:\n",
      "[[20  9  3  6 12 18]\n",
      " [ 1 15  7  5 11 22]\n",
      " [ 8 13  0 17  4 23]\n",
      " [ 2 26 27 10 30 14]\n",
      " [25 19 28 21 29 24]\n",
      " [31 32 33 34 16 35]]\n",
      "\n",
      "Step 49:\n",
      "[[20  9  3  6 12 18]\n",
      " [ 1 15  0  5 11 22]\n",
      " [ 8 13  7 17  4 23]\n",
      " [ 2 26 27 10 30 14]\n",
      " [25 19 28 21 29 24]\n",
      " [31 32 33 34 16 35]]\n",
      "\n",
      "Step 50:\n",
      "[[20  9  3  6 12 18]\n",
      " [ 1  0 15  5 11 22]\n",
      " [ 8 13  7 17  4 23]\n",
      " [ 2 26 27 10 30 14]\n",
      " [25 19 28 21 29 24]\n",
      " [31 32 33 34 16 35]]\n",
      "\n",
      "Step 51:\n",
      "[[20  0  3  6 12 18]\n",
      " [ 1  9 15  5 11 22]\n",
      " [ 8 13  7 17  4 23]\n",
      " [ 2 26 27 10 30 14]\n",
      " [25 19 28 21 29 24]\n",
      " [31 32 33 34 16 35]]\n",
      "\n",
      "Step 52:\n",
      "[[ 0 20  3  6 12 18]\n",
      " [ 1  9 15  5 11 22]\n",
      " [ 8 13  7 17  4 23]\n",
      " [ 2 26 27 10 30 14]\n",
      " [25 19 28 21 29 24]\n",
      " [31 32 33 34 16 35]]\n",
      "\n",
      "Step 53:\n",
      "[[ 1 20  3  6 12 18]\n",
      " [ 0  9 15  5 11 22]\n",
      " [ 8 13  7 17  4 23]\n",
      " [ 2 26 27 10 30 14]\n",
      " [25 19 28 21 29 24]\n",
      " [31 32 33 34 16 35]]\n",
      "\n",
      "Step 54:\n",
      "[[ 1 20  3  6 12 18]\n",
      " [ 8  9 15  5 11 22]\n",
      " [ 0 13  7 17  4 23]\n",
      " [ 2 26 27 10 30 14]\n",
      " [25 19 28 21 29 24]\n",
      " [31 32 33 34 16 35]]\n",
      "\n",
      "Step 55:\n",
      "[[ 1 20  3  6 12 18]\n",
      " [ 8  9 15  5 11 22]\n",
      " [ 2 13  7 17  4 23]\n",
      " [ 0 26 27 10 30 14]\n",
      " [25 19 28 21 29 24]\n",
      " [31 32 33 34 16 35]]\n",
      "\n",
      "Step 56:\n",
      "[[ 1 20  3  6 12 18]\n",
      " [ 8  9 15  5 11 22]\n",
      " [ 2 13  7 17  4 23]\n",
      " [25 26 27 10 30 14]\n",
      " [ 0 19 28 21 29 24]\n",
      " [31 32 33 34 16 35]]\n",
      "\n",
      "Step 57:\n",
      "[[ 1 20  3  6 12 18]\n",
      " [ 8  9 15  5 11 22]\n",
      " [ 2 13  7 17  4 23]\n",
      " [25 26 27 10 30 14]\n",
      " [19  0 28 21 29 24]\n",
      " [31 32 33 34 16 35]]\n",
      "\n",
      "Step 58:\n",
      "[[ 1 20  3  6 12 18]\n",
      " [ 8  9 15  5 11 22]\n",
      " [ 2 13  7 17  4 23]\n",
      " [25  0 27 10 30 14]\n",
      " [19 26 28 21 29 24]\n",
      " [31 32 33 34 16 35]]\n",
      "\n",
      "Step 59:\n",
      "[[ 1 20  3  6 12 18]\n",
      " [ 8  9 15  5 11 22]\n",
      " [ 2  0  7 17  4 23]\n",
      " [25 13 27 10 30 14]\n",
      " [19 26 28 21 29 24]\n",
      " [31 32 33 34 16 35]]\n",
      "\n",
      "Step 60:\n",
      "[[ 1 20  3  6 12 18]\n",
      " [ 8  9 15  5 11 22]\n",
      " [ 2  7  0 17  4 23]\n",
      " [25 13 27 10 30 14]\n",
      " [19 26 28 21 29 24]\n",
      " [31 32 33 34 16 35]]\n",
      "\n",
      "Step 61:\n",
      "[[ 1 20  3  6 12 18]\n",
      " [ 8  9  0  5 11 22]\n",
      " [ 2  7 15 17  4 23]\n",
      " [25 13 27 10 30 14]\n",
      " [19 26 28 21 29 24]\n",
      " [31 32 33 34 16 35]]\n",
      "\n",
      "Step 62:\n",
      "[[ 1 20  3  6 12 18]\n",
      " [ 8  0  9  5 11 22]\n",
      " [ 2  7 15 17  4 23]\n",
      " [25 13 27 10 30 14]\n",
      " [19 26 28 21 29 24]\n",
      " [31 32 33 34 16 35]]\n",
      "\n",
      "Step 63:\n",
      "[[ 1  0  3  6 12 18]\n",
      " [ 8 20  9  5 11 22]\n",
      " [ 2  7 15 17  4 23]\n",
      " [25 13 27 10 30 14]\n",
      " [19 26 28 21 29 24]\n",
      " [31 32 33 34 16 35]]\n",
      "\n",
      "Step 64:\n",
      "[[ 0  1  3  6 12 18]\n",
      " [ 8 20  9  5 11 22]\n",
      " [ 2  7 15 17  4 23]\n",
      " [25 13 27 10 30 14]\n",
      " [19 26 28 21 29 24]\n",
      " [31 32 33 34 16 35]]\n",
      "\n",
      "Step 65:\n",
      "[[ 8  1  3  6 12 18]\n",
      " [ 0 20  9  5 11 22]\n",
      " [ 2  7 15 17  4 23]\n",
      " [25 13 27 10 30 14]\n",
      " [19 26 28 21 29 24]\n",
      " [31 32 33 34 16 35]]\n",
      "\n",
      "Step 66:\n",
      "[[ 8  1  3  6 12 18]\n",
      " [ 2 20  9  5 11 22]\n",
      " [ 0  7 15 17  4 23]\n",
      " [25 13 27 10 30 14]\n",
      " [19 26 28 21 29 24]\n",
      " [31 32 33 34 16 35]]\n",
      "\n",
      "Step 67:\n",
      "[[ 8  1  3  6 12 18]\n",
      " [ 2 20  9  5 11 22]\n",
      " [ 7  0 15 17  4 23]\n",
      " [25 13 27 10 30 14]\n",
      " [19 26 28 21 29 24]\n",
      " [31 32 33 34 16 35]]\n",
      "\n",
      "Step 68:\n",
      "[[ 8  1  3  6 12 18]\n",
      " [ 2  0  9  5 11 22]\n",
      " [ 7 20 15 17  4 23]\n",
      " [25 13 27 10 30 14]\n",
      " [19 26 28 21 29 24]\n",
      " [31 32 33 34 16 35]]\n",
      "\n",
      "Step 69:\n",
      "[[ 8  0  3  6 12 18]\n",
      " [ 2  1  9  5 11 22]\n",
      " [ 7 20 15 17  4 23]\n",
      " [25 13 27 10 30 14]\n",
      " [19 26 28 21 29 24]\n",
      " [31 32 33 34 16 35]]\n",
      "\n",
      "Step 70:\n",
      "[[ 0  8  3  6 12 18]\n",
      " [ 2  1  9  5 11 22]\n",
      " [ 7 20 15 17  4 23]\n",
      " [25 13 27 10 30 14]\n",
      " [19 26 28 21 29 24]\n",
      " [31 32 33 34 16 35]]\n",
      "\n",
      "Step 71:\n",
      "[[ 2  8  3  6 12 18]\n",
      " [ 0  1  9  5 11 22]\n",
      " [ 7 20 15 17  4 23]\n",
      " [25 13 27 10 30 14]\n",
      " [19 26 28 21 29 24]\n",
      " [31 32 33 34 16 35]]\n",
      "\n",
      "Step 72:\n",
      "[[ 2  8  3  6 12 18]\n",
      " [ 7  1  9  5 11 22]\n",
      " [ 0 20 15 17  4 23]\n",
      " [25 13 27 10 30 14]\n",
      " [19 26 28 21 29 24]\n",
      " [31 32 33 34 16 35]]\n",
      "\n",
      "Step 73:\n",
      "[[ 2  8  3  6 12 18]\n",
      " [ 7  1  9  5 11 22]\n",
      " [25 20 15 17  4 23]\n",
      " [ 0 13 27 10 30 14]\n",
      " [19 26 28 21 29 24]\n",
      " [31 32 33 34 16 35]]\n",
      "\n",
      "Step 74:\n",
      "[[ 2  8  3  6 12 18]\n",
      " [ 7  1  9  5 11 22]\n",
      " [25 20 15 17  4 23]\n",
      " [13  0 27 10 30 14]\n",
      " [19 26 28 21 29 24]\n",
      " [31 32 33 34 16 35]]\n",
      "\n",
      "Step 75:\n",
      "[[ 2  8  3  6 12 18]\n",
      " [ 7  1  9  5 11 22]\n",
      " [25  0 15 17  4 23]\n",
      " [13 20 27 10 30 14]\n",
      " [19 26 28 21 29 24]\n",
      " [31 32 33 34 16 35]]\n",
      "\n",
      "Step 76:\n",
      "[[ 2  8  3  6 12 18]\n",
      " [ 7  1  9  5 11 22]\n",
      " [ 0 25 15 17  4 23]\n",
      " [13 20 27 10 30 14]\n",
      " [19 26 28 21 29 24]\n",
      " [31 32 33 34 16 35]]\n",
      "\n",
      "Step 77:\n",
      "[[ 2  8  3  6 12 18]\n",
      " [ 0  1  9  5 11 22]\n",
      " [ 7 25 15 17  4 23]\n",
      " [13 20 27 10 30 14]\n",
      " [19 26 28 21 29 24]\n",
      " [31 32 33 34 16 35]]\n",
      "\n",
      "Step 78:\n",
      "[[ 2  8  3  6 12 18]\n",
      " [ 1  0  9  5 11 22]\n",
      " [ 7 25 15 17  4 23]\n",
      " [13 20 27 10 30 14]\n",
      " [19 26 28 21 29 24]\n",
      " [31 32 33 34 16 35]]\n",
      "\n",
      "Step 79:\n",
      "[[ 2  0  3  6 12 18]\n",
      " [ 1  8  9  5 11 22]\n",
      " [ 7 25 15 17  4 23]\n",
      " [13 20 27 10 30 14]\n",
      " [19 26 28 21 29 24]\n",
      " [31 32 33 34 16 35]]\n",
      "\n",
      "Step 80:\n",
      "[[ 0  2  3  6 12 18]\n",
      " [ 1  8  9  5 11 22]\n",
      " [ 7 25 15 17  4 23]\n",
      " [13 20 27 10 30 14]\n",
      " [19 26 28 21 29 24]\n",
      " [31 32 33 34 16 35]]\n",
      "\n",
      "Step 81:\n",
      "[[ 1  2  3  6 12 18]\n",
      " [ 0  8  9  5 11 22]\n",
      " [ 7 25 15 17  4 23]\n",
      " [13 20 27 10 30 14]\n",
      " [19 26 28 21 29 24]\n",
      " [31 32 33 34 16 35]]\n",
      "\n",
      "Step 82:\n",
      "[[ 1  2  3  6 12 18]\n",
      " [ 7  8  9  5 11 22]\n",
      " [ 0 25 15 17  4 23]\n",
      " [13 20 27 10 30 14]\n",
      " [19 26 28 21 29 24]\n",
      " [31 32 33 34 16 35]]\n",
      "\n",
      "Step 83:\n",
      "[[ 1  2  3  6 12 18]\n",
      " [ 7  8  9  5 11 22]\n",
      " [13 25 15 17  4 23]\n",
      " [ 0 20 27 10 30 14]\n",
      " [19 26 28 21 29 24]\n",
      " [31 32 33 34 16 35]]\n",
      "\n",
      "Step 84:\n",
      "[[ 1  2  3  6 12 18]\n",
      " [ 7  8  9  5 11 22]\n",
      " [13 25 15 17  4 23]\n",
      " [20  0 27 10 30 14]\n",
      " [19 26 28 21 29 24]\n",
      " [31 32 33 34 16 35]]\n",
      "\n",
      "Step 85:\n",
      "[[ 1  2  3  6 12 18]\n",
      " [ 7  8  9  5 11 22]\n",
      " [13  0 15 17  4 23]\n",
      " [20 25 27 10 30 14]\n",
      " [19 26 28 21 29 24]\n",
      " [31 32 33 34 16 35]]\n",
      "\n",
      "Step 86:\n",
      "[[ 1  2  3  6 12 18]\n",
      " [ 7  8  9  5 11 22]\n",
      " [13 15  0 17  4 23]\n",
      " [20 25 27 10 30 14]\n",
      " [19 26 28 21 29 24]\n",
      " [31 32 33 34 16 35]]\n",
      "\n",
      "Step 87:\n",
      "[[ 1  2  3  6 12 18]\n",
      " [ 7  8  9  5 11 22]\n",
      " [13 15 17  0  4 23]\n",
      " [20 25 27 10 30 14]\n",
      " [19 26 28 21 29 24]\n",
      " [31 32 33 34 16 35]]\n",
      "\n",
      "Step 88:\n",
      "[[ 1  2  3  6 12 18]\n",
      " [ 7  8  9  5 11 22]\n",
      " [13 15 17 10  4 23]\n",
      " [20 25 27  0 30 14]\n",
      " [19 26 28 21 29 24]\n",
      " [31 32 33 34 16 35]]\n",
      "\n",
      "Step 89:\n",
      "[[ 1  2  3  6 12 18]\n",
      " [ 7  8  9  5 11 22]\n",
      " [13 15 17 10  4 23]\n",
      " [20 25 27 21 30 14]\n",
      " [19 26 28  0 29 24]\n",
      " [31 32 33 34 16 35]]\n",
      "\n",
      "Step 90:\n",
      "[[ 1  2  3  6 12 18]\n",
      " [ 7  8  9  5 11 22]\n",
      " [13 15 17 10  4 23]\n",
      " [20 25 27 21 30 14]\n",
      " [19 26  0 28 29 24]\n",
      " [31 32 33 34 16 35]]\n",
      "\n",
      "Step 91:\n",
      "[[ 1  2  3  6 12 18]\n",
      " [ 7  8  9  5 11 22]\n",
      " [13 15 17 10  4 23]\n",
      " [20 25  0 21 30 14]\n",
      " [19 26 27 28 29 24]\n",
      " [31 32 33 34 16 35]]\n",
      "\n",
      "Step 92:\n",
      "[[ 1  2  3  6 12 18]\n",
      " [ 7  8  9  5 11 22]\n",
      " [13 15 17 10  4 23]\n",
      " [20 25 21  0 30 14]\n",
      " [19 26 27 28 29 24]\n",
      " [31 32 33 34 16 35]]\n",
      "\n",
      "Step 93:\n",
      "[[ 1  2  3  6 12 18]\n",
      " [ 7  8  9  5 11 22]\n",
      " [13 15 17  0  4 23]\n",
      " [20 25 21 10 30 14]\n",
      " [19 26 27 28 29 24]\n",
      " [31 32 33 34 16 35]]\n",
      "\n",
      "Step 94:\n",
      "[[ 1  2  3  6 12 18]\n",
      " [ 7  8  9  5 11 22]\n",
      " [13 15 17  4  0 23]\n",
      " [20 25 21 10 30 14]\n",
      " [19 26 27 28 29 24]\n",
      " [31 32 33 34 16 35]]\n",
      "\n",
      "Step 95:\n",
      "[[ 1  2  3  6 12 18]\n",
      " [ 7  8  9  5  0 22]\n",
      " [13 15 17  4 11 23]\n",
      " [20 25 21 10 30 14]\n",
      " [19 26 27 28 29 24]\n",
      " [31 32 33 34 16 35]]\n",
      "\n",
      "Step 96:\n",
      "[[ 1  2  3  6  0 18]\n",
      " [ 7  8  9  5 12 22]\n",
      " [13 15 17  4 11 23]\n",
      " [20 25 21 10 30 14]\n",
      " [19 26 27 28 29 24]\n",
      " [31 32 33 34 16 35]]\n",
      "\n",
      "Step 97:\n",
      "[[ 1  2  3  0  6 18]\n",
      " [ 7  8  9  5 12 22]\n",
      " [13 15 17  4 11 23]\n",
      " [20 25 21 10 30 14]\n",
      " [19 26 27 28 29 24]\n",
      " [31 32 33 34 16 35]]\n",
      "\n",
      "Step 98:\n",
      "[[ 1  2  3  5  6 18]\n",
      " [ 7  8  9  0 12 22]\n",
      " [13 15 17  4 11 23]\n",
      " [20 25 21 10 30 14]\n",
      " [19 26 27 28 29 24]\n",
      " [31 32 33 34 16 35]]\n",
      "\n",
      "Step 99:\n",
      "[[ 1  2  3  5  6 18]\n",
      " [ 7  8  9  4 12 22]\n",
      " [13 15 17  0 11 23]\n",
      " [20 25 21 10 30 14]\n",
      " [19 26 27 28 29 24]\n",
      " [31 32 33 34 16 35]]\n",
      "\n",
      "Step 100:\n",
      "[[ 1  2  3  5  6 18]\n",
      " [ 7  8  9  4 12 22]\n",
      " [13 15 17 10 11 23]\n",
      " [20 25 21  0 30 14]\n",
      " [19 26 27 28 29 24]\n",
      " [31 32 33 34 16 35]]\n",
      "\n",
      "Step 101:\n",
      "[[ 1  2  3  5  6 18]\n",
      " [ 7  8  9  4 12 22]\n",
      " [13 15 17 10 11 23]\n",
      " [20 25 21 28 30 14]\n",
      " [19 26 27  0 29 24]\n",
      " [31 32 33 34 16 35]]\n",
      "\n",
      "Step 102:\n",
      "[[ 1  2  3  5  6 18]\n",
      " [ 7  8  9  4 12 22]\n",
      " [13 15 17 10 11 23]\n",
      " [20 25 21 28 30 14]\n",
      " [19 26 27 29  0 24]\n",
      " [31 32 33 34 16 35]]\n",
      "\n",
      "Step 103:\n",
      "[[ 1  2  3  5  6 18]\n",
      " [ 7  8  9  4 12 22]\n",
      " [13 15 17 10 11 23]\n",
      " [20 25 21 28  0 14]\n",
      " [19 26 27 29 30 24]\n",
      " [31 32 33 34 16 35]]\n",
      "\n",
      "Step 104:\n",
      "[[ 1  2  3  5  6 18]\n",
      " [ 7  8  9  4 12 22]\n",
      " [13 15 17 10 11 23]\n",
      " [20 25 21 28 14  0]\n",
      " [19 26 27 29 30 24]\n",
      " [31 32 33 34 16 35]]\n",
      "\n",
      "Step 105:\n",
      "[[ 1  2  3  5  6 18]\n",
      " [ 7  8  9  4 12 22]\n",
      " [13 15 17 10 11  0]\n",
      " [20 25 21 28 14 23]\n",
      " [19 26 27 29 30 24]\n",
      " [31 32 33 34 16 35]]\n",
      "\n",
      "Step 106:\n",
      "[[ 1  2  3  5  6 18]\n",
      " [ 7  8  9  4 12  0]\n",
      " [13 15 17 10 11 22]\n",
      " [20 25 21 28 14 23]\n",
      " [19 26 27 29 30 24]\n",
      " [31 32 33 34 16 35]]\n",
      "\n",
      "Step 107:\n",
      "[[ 1  2  3  5  6  0]\n",
      " [ 7  8  9  4 12 18]\n",
      " [13 15 17 10 11 22]\n",
      " [20 25 21 28 14 23]\n",
      " [19 26 27 29 30 24]\n",
      " [31 32 33 34 16 35]]\n",
      "\n",
      "Step 108:\n",
      "[[ 1  2  3  5  0  6]\n",
      " [ 7  8  9  4 12 18]\n",
      " [13 15 17 10 11 22]\n",
      " [20 25 21 28 14 23]\n",
      " [19 26 27 29 30 24]\n",
      " [31 32 33 34 16 35]]\n",
      "\n",
      "Step 109:\n",
      "[[ 1  2  3  5 12  6]\n",
      " [ 7  8  9  4  0 18]\n",
      " [13 15 17 10 11 22]\n",
      " [20 25 21 28 14 23]\n",
      " [19 26 27 29 30 24]\n",
      " [31 32 33 34 16 35]]\n",
      "\n",
      "Step 110:\n",
      "[[ 1  2  3  5 12  6]\n",
      " [ 7  8  9  4 11 18]\n",
      " [13 15 17 10  0 22]\n",
      " [20 25 21 28 14 23]\n",
      " [19 26 27 29 30 24]\n",
      " [31 32 33 34 16 35]]\n",
      "\n",
      "Step 111:\n",
      "[[ 1  2  3  5 12  6]\n",
      " [ 7  8  9  4 11 18]\n",
      " [13 15 17 10 14 22]\n",
      " [20 25 21 28  0 23]\n",
      " [19 26 27 29 30 24]\n",
      " [31 32 33 34 16 35]]\n",
      "\n",
      "Step 112:\n",
      "[[ 1  2  3  5 12  6]\n",
      " [ 7  8  9  4 11 18]\n",
      " [13 15 17 10 14 22]\n",
      " [20 25 21 28 23  0]\n",
      " [19 26 27 29 30 24]\n",
      " [31 32 33 34 16 35]]\n",
      "\n",
      "Step 113:\n",
      "[[ 1  2  3  5 12  6]\n",
      " [ 7  8  9  4 11 18]\n",
      " [13 15 17 10 14  0]\n",
      " [20 25 21 28 23 22]\n",
      " [19 26 27 29 30 24]\n",
      " [31 32 33 34 16 35]]\n",
      "\n",
      "Step 114:\n",
      "[[ 1  2  3  5 12  6]\n",
      " [ 7  8  9  4 11  0]\n",
      " [13 15 17 10 14 18]\n",
      " [20 25 21 28 23 22]\n",
      " [19 26 27 29 30 24]\n",
      " [31 32 33 34 16 35]]\n",
      "\n",
      "Step 115:\n",
      "[[ 1  2  3  5 12  6]\n",
      " [ 7  8  9  4  0 11]\n",
      " [13 15 17 10 14 18]\n",
      " [20 25 21 28 23 22]\n",
      " [19 26 27 29 30 24]\n",
      " [31 32 33 34 16 35]]\n",
      "\n",
      "Step 116:\n",
      "[[ 1  2  3  5  0  6]\n",
      " [ 7  8  9  4 12 11]\n",
      " [13 15 17 10 14 18]\n",
      " [20 25 21 28 23 22]\n",
